1 4
2 4
36 4
45 4
47 4
50 4
85 4
87 4
117 4
129 4
130 4
134 4
157 4
197 4
211 4
239 4
247 4
266 4
272 4
285 4
309 4
311 4
324 4
346 4
370 4
371 4
372 4
373 4
398 4
401 4
402 4
403 4
404 4
417 4
420 4
425 4
433 4
437 4
441 4
444 4
451 4
452 4
453 4
454 4
460 4
465 4
482 4
485 4
505 4
522 4
588 4
598 4
603 4
635 4
652 4
672 4
681 4
686 4
707 4
712 4
713 4
725 4
754 4
769 4
771 4
779 4
782 4
790 4
799 4
822 4
830 4
831 4
856 4
859 4
869 4
872 4
873 4
35 6
116 6
210 6
246 6
345 6
370 6
371 6
401 6
402 6
436 6
451 6
452 6
484 6
587 6
602 6
634 6
671 6
685 6
724 6
753 6
781 6
855 6
858 6
34 8
435 8
483 8
633 8
670 8
684 8
723 8
857 8
33 10
434 10
632 10
722 10
433 12
721 12
